[app/ui]
version = 6.5.1
modtime = 1483883001.585785000

[app/launcher]
version = 6.5.1
modtime = 1483883001.586518000

[views/bbgrid_v2]
owner = admin
version = 6.5.1
modtime = 1483885825.847135000
